psd_signal=[00260
00252
00252
00252
00253
00253
00251
00252
00253
00253
00253
00261
00253
00252
00252
00253
00253
00260
00252
00252
00253
00253
00260
00251
00253
00252
00253
00253
00253
00252
00252
00252
00253
00253
00251
00252
00253
00252
00253
00260
00253
00252
00252
00253
00253
00251
00252
00252
00253
00253
00261
00252
00253
00252
00253
00253
00260
00252
00252
00253
00253
00261
00251
00253
00252
00253
00253
00253
00252
00252
00253
00253
00253
00251
00252
00253
00253
00253
00260
00253
00252
00253
00253
00253
00251
00252
00252
00253
00253
00260
00251
00253
00252
00253
00252
00254
00252
00252
00252
00253
00260
00251
00252
00253
00253
00253
00259
00252
00252
00253
00253
00253
00251
00252
00253
00253
00253
00260
00253
00253
00253
00253
00253
00252
00252
00252
00253
00253
00260
00252
00253
00253
00253
00253
00253
00252
00253
00253
00253
00260
00252
00252
00253
00253
00253
00251
00253
00252
00252
00253
00253
00251
00252
00252
00253
00253
00259
00252
00253
00253
00252
00260
00252
00252
00252
00253
00253
00260
00252
00252
00253
00253
00252
00253
00252
00253
00253
00253
00260
00252
00252
00253
00253
00253
00251
00253
00253
00253
00253
00253
00252
00252
00252
00253
00253
00251
00252
00253
00253
00253
00260
00253
00252
00252
00252
00253
00260
00252
00252
00253
00253
00260
00251
00253
00252
00253
00253
00260
00252
00252
00253
00253
00253
00251
00252
00253
00253
00253
00253
00252
00252
00252
00253
00253
00251
00252
00253
00253
00253
00260
00253
00252
00253
00252
00253
00300
00252
00252
00253
00253
00260
00252
00253
00252
00253
00253
00253
00252
00252
00253
00253
00260
00251
00252
00253
00253
00253
00259
00253
00252
00253
00253
00261
00251
00252
00252
00253
00253
00259
00252
00252
00252
00253
00253
00251
00252
00252
00253
00253
00260
00252
00253
00253
00253
00252
00253
00252
00252
00253
00253
00260
00252
00252
00253
00253
00253
00251
00253
00252
00252
00253
00253
00252
00252
00252
00253
00253
00251
00252
00253
00253
00253
00260
00253
00252
00252
00253
00253
00259
00252
00252
00253
00253
00260
00252
00252
00252
00253
00253
00260
00252
00252
00253
00253
00253
00251
00253
00252
00253
00253
00253
00252
00252
00252
00253
00253
00251
00252
00253
00253
00253
00260
00253
00252
00253
00252
00253
00251
00252
00252
00253
00253
00260
00251
00253
00252
00253
00253
00253
00252
00252
00253
00253
00260
00252
00252
00253
00253
00253
00251
00252
00252
00253
00253
00261
00251
00252
00253
00253
00253
00251
00253
00252
00253
00253
00253
00251
00252
00253
00253
00252
00259
00252
00253
00253
00252
00260
00253
00252
00252
00253
00254
00260
00252
00252
00253
00253
00263
00251
00253
00253
00253
00252
00253
00252
00252
00252
00253
00253
00251
00252
00253
00253
00253
00259
00252
00252
00253
00253
00253
00251
00252
00253
00253
00253
00260
00253
00252
00252
00253
00253
00251
00252
00252
00253
00253
00260
00251
00253
00253
00253
00253
00253
00252
00252
00252
00253
00260
00251
00252
00254
00253
00253
00251
00253
00252
00252
00253
00253
00251
00252
00252
00253
00253
00249
00252
00253
00252
00253
00261
00251
00252
00252
00253
00253
00260
00252
00253
00253
00253
00260
00253
00252
00252
00252
00253
00260
00252
00252
00253
00253
00261
00251
00253
00252
00253
00252
00253
00252
00252
00253
00253
00253
00251
00252
00253
00253
00252
00259
00253
00252
00252
00253
00254
00251
00252
00252
00253
00253
00260
00252
00253
00252
00252
00260
00252
00252
00252
00253
00253
00260
00252
00253
00253
00253
00267
00253
00252
00252
00252
00253
00260
00252
00252
00253
00253
00253
00251
00253
00252
00252
00253
00253
00252
00252
00252
00253
00253
00251
00252
00253
00253
00253
00260
00253
00252
00252
00253
00253
00251
00252
00252
00253
00253
00260
00252
00253
00253
00253
00253
00251
00252
00252
00253
00253
00260
00251
00253
00253
00253
00253
00253
00252
00252
00253
00253
00261
00252
00252
00253
00253
00253
00251
00253
00252
00253
00253
00253
00252
00252
00253
00253
00253
00251
00252
00253
00253
00253
00260
00253
00252
00252
00253
00253
00251
00252
00252
00253
00253
00262
00251
00253
00252
00253
00253
00257
00252
00252
00252
00253
00260
00251
00253
00253
00253
00253
00253
00252
00252
00252
00253
00260
00252
00252
00253
00253
00253
00251
00253
00252
00253
00253
00253
00251
00252
00253
00254
00253
00326
00252
00253
00252
00253
00261
00253
00252
00253
00253
00253
00259
00252
00252
00253
00253
00260
00252
00253
00252
00253
00253
00260
00252
00252
00252
00253
00260
00252
00253
00253
00253
00253
00253
00252
00252
00253
00253
00261
00251
00252
00253
00253
00251
00251
00253
00252
00253
00253
00253
00251
00252
00253
00253
00253
00259
00252
00253
00253
00253
00260
00253
00252
00253
00253
00253
00260
00252
00252
00253
00253
00260
00252
00253
00252
00253
00253
00260
00252
00252
00253
00253
00261
00252
00253
00252
00253
00253
00253
00252
00252
00253
00253
00261
00251
00252
00253
00253
00251
00251
00253
00252
00252
00253
00253
00251
00252
00252
00254
00253
00259
00252
00253
00252
00253
00260
00253
00252
00252
00252
00253
00259
00252
00252
00253
00253
00260
00251
00253
00252
00253
00253
00260
00252
00252
00253
00253
00260
00252
00253
00253
00253
00253
00253
00252
00252
00252
00253
00260
00252
00252
00253
00253
00253
00251
00253
00252
00253
00253
00253
00252
00252
00252
00253
00253
00251
00252
00253
00253
00253
00260
00253
00252
00253
00252
00253
00251
00252
00252
00253
00253
00260
00251
00253
00252
00253
00253
00251
00252
00252
00253
00253
00261
00251
00253
00253
00252
00252
00253
00252
00253
00253
00253
00260
00251
00252
00253
00253
00253
00251
00253
00252
00253
00253
00253
00252
00252
00252
00253
00253
00251
00252
00253
00253
00253
00260
00253
00252
00252
00253
00253
00251
00252
00252
00253
00253
00260
00251
00253
00252
00253
00253
00251
00252
00252
00252
00253
00262
00252
00253
00253
00253
00253
00253
00252
00252
00252
00253
00262
00251
00252
00253
00253
00253
00251
00253
00252
00253
00253
00253
00251
00252
00252
00253
00253
00251
00252
00253
00253
00253
00260
00253
00252
00253
00253
00253
00251
00252
00252
00253
00253
00260
00252
00253
00253
00253
00260
00252
00252
00252
00252
00253
00260
];