psd_signal_move=[00256
00256
00256
00256
00257
00256
00256
00256
00256
00257
00256
00256
00256
00256
00257
00256
00256
00256
00256
00257
00255
00255
00255
00255
00257
00264
00264
00265
00256
00257
00256
00256
00256
00256
00257
00256
00256
00257
00256
00257
00256
00256
00256
00256
00256
00256
00256
00256
00256
00256
00259
00259
00260
00259
00260
00255
00255
00259
00256
00260
00274
00272
00272
00272
00272
00272
00272
00285
00285
00285
00319
00319
00350
00350
00350
00368
00369
00388
00387
00386
00402
00401
00416
00413
00414
00435
00435
00452
00458
00459
00471
00462
00485
00484
00484
00502
00502
00518
00517
00517
00528
00528
00539
00538
00538
00552
00551
00570
00568
00568
00579
00578
00591
00589
00588
00595
00595
00604
00601
00606
00629
00629
00630
00639
00638
00639
00639
00630
00631
00639
00630
00631
00628
00629
00629
00613
00614
00591
00590
00590
00573
00573
00550
00549
00549
00506
00506
00482
00481
00481
00470
00470
00478
00477
00477
00459
00458
00430
00430
00430
00444
00444
00481
00481
00481
00517
00517
00522
00521
00521
00538
00538
00563
00562
00562
00573
00573
00570
00569
00569
00565
00565
00567
00565
00565
00565
00565
00560
00556
00557
00546
00546
00532
00540
00539
00482
00474
00392
00391
00390
00334
00334
00316
00315
00315
00334
00334
00346
00346
00346
00376
00376
00358
00357
00357
00334
00334
00331
00330
00329
00326
00325
00327
00325
00325
00325
00334
00323
00331
00331
00323
00323
00323
00323
00323
00323
00323
00331
00330
00330
00354
00353
00388
00387
00387
00532
00531
00629
00630
00630
00629
00632
00630
00628
00630
00628
00629
00591
00587
00597
00560
00560
00521
00520
00520
00470
00470
00384
00383
00383
00319
00319
00284
00283
00283
00268
00268
00265
00264
00263
00263
00263
00272
00271
00271
00271
00270
00272
00279
00279
00276
00278
00260
00260
00260
00261
00260
00261
00260
00260
00261
00260
00257
00256
00256
00253
00252
00253
00252
00252
00252
00252
00253
00252
00252
00256
00255
00257
00256
00255
00256
00255
00257
00256
00256
00256
00255
00257
00256
00255
00255
00255
00257
00255
00255
00255
00255
00257
00255
00255
00252
00251
00253
00251
00252
00251
00251
00253
00251
00251
00255
00255
00257
00255
00255
00256
00255
00268
00267
00266
00310
00310
00312
00371
00371
00406
00406
00408
00435
00435
00457
00457
00459
00490
00490
00533
00533
00536
00575
00575
00609
00609
00614
00636
00625
00638
00638
00630
00629
00629
00591
00591
00584
00553
00552
00521
00521
00514
00507
00506
00493
00492
00485
00482
00482
00445
00445
00437
00441
00442
00464
00449
00441
00440
00438
00434
00434
00426
00434
00434
00453
00452
00444
00481
00449
00412
00411
00412
00391
00391
00381
00380
00380
00368
00369
00346
00346
00347
00342
00341
00338
00338
00338
00338
00338
00335
00335
00334
00338
00338
00334
00334
00334
00334
00334
00358
00357
00358
00398
00398
00380
00380
00380
00481
00480
00566
00565
00566
00613
00613
00631
00630
00630
00629
00628
00628
00631
00631
00635
00636
00629
00638
00630
00632
00632
00617
00607
00607
00593
00594
00585
00583
00583
00570
00569
00557
00555
00556
00542
00542
00518
00517
00517
00455
00455
00373
00372
00372
00330
00330
00308
00307
00307
00296
00296
00285
00285
00285
00279
00279
00272
00271
00271
00271
00271
00272
00271
00271
00267
00268
00265
00263
00263
00260
00260
00261
00260
00259
00260
00260
00261
00259
00259
00259
00259
00261
00259
00259
00263
00263
00265
00263
00263
00263
00263
00261
00259
00259
00259
00259
00257
00255
00255
00255
00255
00257
00264
00255
00264
00263
00257
00264
00264
00264
00264
00257
00264
00264
00264
00264
00257
00264
00264
00256
00310
00257
00256
00256
00256
00256
00257
00256
00256
00256
00256
00257
00256
00256
00256
00256
00257
00256
00256
00256
00256
00257
00256
00256
00256
00256
00257
00256
00256
00256
00256
00257
00256
00257
00261
00260
00277
00276
00276
00300
00300
00323
00323
00323
00330
00330
00338
00338
00338
00342
00342
00347
00346
00346
00357
00357
00366
00365
00365
00372
00372
00384
00383
00383
00391
00391
00399
00399
00398
00407
00407
00416
00415
00415
00426
00426
00430
00429
00429
00440
00440
00445
00444
00444
00451
00451
00456
00455
00455
00459
00458
00463
00462
00462
00459
00458
00459
00458
00458
00458
00458
00459
00458
00458
00458
00458
00459
00458
00458
00462
00462
00471
00470
00469
00470
00469
00475
00473
00473
00476
00476
00478
00476
00476
00479
00479
00489
00487
00487
00490
00490
00500
00496
00496
00510
00509
00507
00514
00514
00510
00510
00510
00510
00510
00510
00509
00521
00521
00520
00528
00528
00543
00542
00542
00556
00556
00560
00559
00559
00552
00552
00550
00549
00548
00552
00552
00560
00559
00559
00572
00572
00591
00590
00589
00599
00599
00608
00606
00605
00608
00607
00614
00611
00620
00627
00627
00624
00624
00624
00626
00626
00629
00629
00629
00629
00629
00630
00630
00630
00630
00630
00630
00630
00630
00630
00631
00630
00630
00629
00629
00630
00630
00633
00629
00627
00627
00630
00625
00638
00637
00636
00620
00619
00619
00607
00607
00591
00590
00590
00584
00583
00584
00584
00583
00587
00587
00591
00590
00590
00597
00596
00604
00603
00603
00613
00611
00624
00624
00625
00636
00637
00630
00638
00630
00630
00630
00630
00630
00630
00630
00630
00630
00630
00630
00630
00630
00630
00629
00630
00626
00626
00627
00610
00610
00603
00603
00604
00613
00613
00627
00625
00628
00627
00638
00638
00639
00630
00622
00622
00597
00597
00598
00587
00587
00587
00587
00588
00590
00590
00587
00587
00588
00580
00580
00580
00580
00581
00572
00572
00559
00558
00560
00541
00541
00519
00518
00521
00486
00486
00457
00456
00459
00440
00440
00423
00423
00415
00407
00407
00404
00391
00391
00387
00387
00380
00380
00380
00372
00372
00365
00365
00365
00357
00357
00346
00346
00346
00334
00334
00327
00326
00327
00319
00319
00319
00319
00319
00315
00315
00312
00311
00312
00307
00307
00304
00303
00304
00300
00300
00296
00296
00296
00292
00292
00292
00292
00293
00288
00288
00279
00278
00280
00263
00263
00252
00251
00253
00247
00246
00260
00260
00253
00262
00260
00261
00261
00253
00252
00253
00253
00251
00253
00253
00253
00257
00256
00257
00256
00257
00257
00256
00256
00256
00256
00257
00256
00256
];