thermister_signal=[00858
00857
00858
00858
00858
00857
00857
00858
00858
00859
00861
00857
00859
00859
00858
00858
00857
00857
00859
00857
00859
00859
00856
00857
00858
00860
00858
00857
00857
00859
00859
00858
00858
00857
00858
00860
00860
00857
00856
00858
00858
00860
00858
00856
00858
00860
00859
00858
00858
00858
00857
00860
00857
00860
00858
00859
00857
00858
00858
00858
00858
00858
00857
00858
00858
00858
00862
00857
00860
00858
00859
00858
00858
00858
00858
00858
00858
00860
00858
00857
00857
00856
00857
00856
00858
00858
00858
00856
00858
00858
00857
00857
00856
00858
00858
00857
00857
00858
00858
00858
00858
00858
00861
00860
00858
00857
00858
00859
00858
00858
00858
00859
00860
00858
00858
00858
00859
00858
00858
00858
00858
00857
00861
00858
00858
00858
00856
00860
00856
00857
00860
00857
00857
00858
00859
00858
00860
00857
00858
00860
00857
00858
00857
00858
00858
00858
00858
00857
00858
00858
00857
00858
00858
00859
00858
00857
00858
00861
00859
00857
00858
00858
00858
00860
00860
00858
00858
00859
00857
00858
00858
00859
00862
00858
00858
00859
00859
00860
00858
00857
00858
00857
00857
00858
00857
00858
00859
00858
00858
00857
00860
00858
00857
00858
00857
00858
00857
00860
00858
00858
00857
00859
00858
00857
00858
00858
00858
00857
00860
00858
00859
00858
00860
00858
00858
00858
00858
00860
00858
00858
00859
00858
00857
00858
00861
00861
00858
00860
00858
00858
00858
00858
00857
00859
00859
00861
00859
00860
00860
00862
00859
00862
00864
00863
00864
00864
00869
00867
00868
00869
00871
00873
00873
00876
00878
00877
00879
00880
00881
00883
00884
00886
00885
00887
00886
00888
00889
00890
00890
00891
00891
00892
00895
00893
00896
00895
00895
00895
00895
00898
00898
00899
00899
00899
00900
00901
00904
00903
00904
00904
00905
00904
00905
00905
00909
00906
00907
00906
00907
00907
00908
00908
00910
00906
00907
00909
00910
00909
00908
00909
00909
00909
00909
00909
00909
00910
00908
00910
00911
00910
00912
00909
00908
00910
00911
00911
00912
00912
00912
00912
00912
00912
00912
00913
00912
00915
00914
00914
00914
00913
00913
00914
00915
00914
00915
00914
00914
00914
00915
00914
00915
00916
00914
00915
00914
00916
00914
00914
00914
00915
00916
00914
00915
00914
00914
00914
00916
00916
00914
00915
00914
00914
00914
00916
00914
00914
00913
00914
00914
00913
00915
00915
00913
00914
00913
00914
00914
00913
00913
00915
00913
00914
00913
00913
00912
00913
00913
00913
00913
00913
00913
00915
00914
00913
00912
00913
00913
00913
00913
00912
00912
00912
00912
00912
00912
00912
00912
00912
00912
00912
00911
00911
00912
00912
00913
00913
00912
00911
00912
00912
00911
00911
00911
00911
00911
00911
00911
00911
00912
00912
00911
00912
00912
00911
00911
00911
00910
00910
00910
00910
00911
00910
00910
00910
00910
00910
00910
00911
00909
00909
00910
00911
00909
00909
00910
00910
00909
00909
00910
00909
00911
00909
00909
00910
00909
00909
00909
00910
00909
00909
00909
00909
00909
00910
00909
00908
00910
00909
00909
00909
00909
00908
00908
00910
00909
00908
00909
00909
00908
00910
00908
00908
00910
00910
00908
00908
00910
00908
00909
00908
00908
00908
00907
00907
00909
00908
00909
00908
00908
00908
00909
00909
00908
00908
00910
00909
00907
00907
00907
00907
00907
00906
00907
00907
00907
00907
00907
00907
00908
00907
00906
00906
00906
00907
00908
00905
00907
00906
00907
00907
00905
00906
00906
00907
00905
00908
00906
00906
00905
00906
00905
00907
00906
00906
00912
00907
00905
00905
00906
00906
00907
00906
00907
00906
00906
00908
00906
00907
00905
00905
00907
00905
00905
00906
00906
00905
00906
00905
00905
00907
00905
00904
00905
00905
00905
00905
00906
00905
00908
00908
00907
00909
00910
00910
00911
00911
00912
00914
00912
00914
00915
00913
00915
00913
00914
00914
00916
00915
00914
00916
00917
00914
00916
00917
00916
00917
00916
00916
00916
00918
00917
00920
00919
00917
00917
00917
00918
00917
00920
00919
00919
00919
00919
00919
00920
00921
00921
00922
00924
00925
00923
00926
00924
00925
00926
00925
00926
00926
00928
00927
00927
00927
00929
00928
00928
00928
00928
00929
00929
00929
00929
00929
00930
00930
00930
00931
00931
00932
00933
00933
00933
00933
00934
00935
00936
00937
00939
00942
00942
00943
00945
00948
00950
00951
00952
00954
00954
00955
00957
00957
00958
00960
00960
00960
00963
00963
00966
00966
00967
00969
00970
00971
00972
00974
00976
00977
00978
00979
00979
00981
00982
00982
00983
00984
00984
00985
00985
00986
00987
00987
00987
00986
00987
00987
00987
00984
00992
00987
00988
00988
00987
00988
00988
00988
00987
00987
00988
00987
00987
00988
00988
00987
00987
00987
00987
00988
00987
00987
00987
00987
00986
00987
00987
00987
00987
00986
00986
00986
00986
00986
00986
00987
00987
00986
00986
00986
00986
00986
00985
00985
00986
00985
00985
00985
00985
00985
00986
00986
00986
00985
00984
00985
00985
00985
00984
00984
00985
00984
00984
00984
00984
00984
00984
00984
00984
00984
00984
00984
00983
00984
00983
00984
00984
00983
00983
00983
00982
00983
00983
00984
00983
00983
00982
00982
00982
00982
00983
00982
00982
00982
00982
00982
00982
00983
00981
00981
00982
00981
00982
00983
00981
00981
00981
00981
00982
00980
00981
00980
00980
00980
00975
00981
00980
00980
00982
00981
00980
00980
00980
00980
00980
00980
00980
00980
00980
00980
00980
00980
00979
00979
00979
00980
00979
00979
00979
00979
00980
00979
00980
00979
00980
00980
00979
00979
00980
00978
00978
00978
00978
00978
00978
00978
00978
00978
00975
00977
00979
00978
00974
00977
00978
00977
00978
00978
00978
00978
00977
00977
00977
00977
00977
00976
00977
00977
00977
00977
00977
00977
00976
00977
00976
00977
00976
00976
00977
00977
00976
00976
00976
00975
00975
00976
00977
00976
00977
00976
00975
00976
00976
00975
00975
00976
00975
00975
00975
00975
00975
00975
00976
00975
00975
00974
00975
00975
00975
00975
00975
00975
00974
00974
00975
00974
00974
00974
00974
00974
00974
00975
00974
00974
00974
00974
00974
00975
00974
00974
00974
00973
00974
00972
00973
00973
00972
00971
00974
00974
00973
00973
00973
00973
00972
00973
00972
00973
00974
00972
00972
00972
00973
00973
00972
];