lm35_signal=[00130
00130
00130
00130
00130
00130
00130
00130
00130
00130
00130
00130
00130
00130
00130
00130
00130
00130
00130
00130
00130
00130
00130
00130
00130
00130
00130
00130
00130
00130
00130
00130
00130
00130
00130
00130
00130
00130
00130
00130
00130
00130
00130
00130
00131
00131
00131
00131
00131
00131
00132
00132
00132
00132
00132
00133
00133
00133
00134
00134
00134
00134
00135
00135
00136
00136
00136
00137
00137
00138
00138
00139
00139
00140
00140
00141
00141
00142
00142
00143
00143
00144
00145
00145
00146
00147
00147
00148
00149
00150
00150
00151
00152
00153
00153
00154
00155
00156
00157
00158
00159
00159
00160
00161
00162
00163
00164
00165
00166
00167
00168
00169
00170
00171
00172
00173
00174
00176
00177
00178
00179
00180
00181
00182
00183
00185
00186
00187
00188
00189
00191
00192
00193
00194
00196
00197
00198
00200
00201
00202
00204
00205
00206
00207
00209
00210
00212
00213
00214
00216
00217
00218
00220
00221
00222
00224
00225
00226
00228
00229
00230
00232
00233
00235
00236
00237
00239
00240
00241
00242
00244
00245
00246
00248
00249
00250
00251
00253
00254
00255
00256
00258
00259
00260
00261
00262
00264
00265
00266
00267
00268
00269
00270
00272
00273
00274
00275
00276
00277
00278
00279
00280
00281
00282
00283
00284
00285
00286
00286
00287
00288
00289
00290
00291
00292
00292
00293
00294
00295
00296
00296
00297
00298
00298
00299
00300
00301
00301
00302
00302
00303
00304
00304
00305
00305
00306
00306
00307
00307
00308
00308
00309
00309
00310
00310
00311
00311
00311
00312
00312
00312
00313
00313
00313
00314
00314
00314
00315
00315
00315
00315
00316
00316
00316
00316
00317
00317
00317
00317
00317
00318
00318
00318
00318
00318
00318
00318
00319
00319
00319
00319
00319
00319
00319
00319
00319
00320
00320
00320
00320
00320
00320
00320
00320
00320
00320
00320
00320
00320
00320
00320
00320
00320
00320
00320
00320
00320
00320
00320
00320
00320
00320
00320
00320
00320
00320
00320
00320
00320
00320
00320
00320
00320
00320
00320
00319
00319
00319
00319
00319
00319
00319
00319
00319
00319
00319
00319
00318
00318
00318
00318
00318
00318
00318
00318
00318
00317
00317
00317
00317
00317
00317
00317
00317
00317
00316
00316
00316
00316
00316
00316
00316
00316
00316
00316
00316
00316
00316
00316
00316
00315
00315
00315
00315
00316
00316
00316
00316
00316
00316
00316
00316
00316
00316
00316
00317
00317
00317
00317
00317
00318
00318
00318
00319
00319
00319
00320
00320
00321
00321
00321
00322
00322
00323
00324
00324
00325
00325
00326
00327
00327
00328
00329
00329
00330
00331
00332
00332
00333
00334
00335
00336
00337
00338
00339
00339
00340
00341
00342
00343
00344
00345
00346
00347
00349
00350
00351
00352
00353
00354
00355
00356
00357
00359
00360
00361
00362
00363
00365
00366
00367
00368
00369
00371
00372
00373
00375
00376
00377
00378
00380
00381
00382
00384
00385
00386
00388
00389
00391
00392
00393
00395
00396
00397
00399
00400
00402
00403
00404
00406
00407
00408
00410
00411
00413
00414
00415
00417
00418
00420
00421
00422
00424
00425
00427
00428
00429
00431
00432
00433
00435
00436
00438
00439
00440
00442
00443
00444
00446
00447
00448
00449
00451
00452
00453
00454
00456
00457
00458
00459
00461
00462
00463
00464
00465
00466
00468
00469
00470
00471
00472
00473
00474
00475
00476
00477
00478
00479
00480
00481
00482
00483
00484
00485
00486
00487
00488
00489
00490
00491
00491
00492
00493
00494
00495
00495
00496
00497
00498
00498
00499
00500
00500
00501
00502
00502
00503
00504
00504
00505
00505
00506
00506
00507
00507
00508
00508
00509
00509
00510
00510
00510
00511
00511
00512
00512
00512
00513
00513
00513
00514
00514
00514
00514
00515
00515
00515
00515
00516
00516
00516
00516
00516
00517
00517
00517
00517
00517
00517
00517
00518
00518
00518
00518
00518
00518
00518
00518
00518
00518
00518
00518
00518
00518
00518
00518
00518
00518
00518
00518
00518
00518
00518
00518
00518
00518
00518
00518
00518
00517
00517
00517
00517
00517
00517
00517
00516
00516
00516
00516
00516
00515
00515
00515
00515
00515
00514
00514
00514
00514
00514
00513
00513
00513
00512
00512
00512
00512
00511
00511
00511
00511
00510
00510
00510
00509
00509
00509
00508
00508
00508
00507
00507
00507
00506
00506
00505
00505
00505
00504
00504
00504
00503
00503
00502
00502
00502
00501
00501
00500
00500
00500
00499
00499
00498
00498
00497
00497
00497
00496
00496
00495
00495
00494
00494
00493
00493
00492
00492
00492
00491
00491
00490
00490
00489
00489
00488
00488
00487
00487
00486
00486
00485
00485
00484
00484
00483
00483
00482
00482
00481
00481
00480
00480
00479
00479
00478
00478
00477
00477
00476
00476
00475
00475
00474
00473
00473
00472
00472
00471
00471
00470
00470
00469
00469
00468
00468
00467
00466
00466
00465
00465
00464
00464
00463
00463
00462
00461
00461
00460
00460
00459
00459
00458
00458
00457
00456
00456
00455
00455
00454
00454
00453
00453
00452
00452
00451
00451
00450
00449
00449
00448
00448
00447
00447
00446
00446
00445
00445
00444
00444
00443
00443
00442
00442
00441
00441
00440
00440
00439
00439
00439
00438
00438
00437
00437
00436
00436
00435
00435
00434
00434
00434
00433
00433
00432
00432
00431
00431
00431
00430
00430
00429
00429
00428
00428
00428
00427
00427
00426
00426
00426
00425
00425
00424
00424
00424
00423
00423
00422
00422
00422
00421
00421
00420
00420
00420
00419
00419
00418
00418
00418
00417
00417
00416
00416
00416
00415
00415
00414
00414
00414
00413
00413
00412
00412
00412
00411
00411
00410
00410
00410
00409
00409
00408
00408
00408
00407
00407
00406
00406
00406
00405
00405
00404
00404
00404
00403
00403
00402
00402
00402
00401
00401
00400
00400
00400
00399
00399
00398
00398
00398
00397
00397
00396
00396
00396
00395
00395
00394
00394
00394
00393
00393
00393
00392
00392
00391
00391
00391
00390
00390
00389
00389
00389
00388
00388
00387
00387
00387
00386
00386
00385
00385
00385
00384
00384
00383
00383
00383
00382
00382
00381
00381
00381
00380
00380
00379
00379
00379
00378
00378
00377
00377
00377
00376
00376
00376
00375
00375
00374
00374
00374
00373
00373
00373
00372
00372
00371
00371
00371
00370
00370
00370
00369
00369
00368
00368
00368
00367
00367       
];