 ir_signal=[00975
00975
00975
00974
00974
00974
00975
00975
00975
00975
00975
00975
00975
00975
00975
00975
00975
00975
00975
00975
00975
00975
00975
00975
00975
00975
00975
00975
00975
00975
00975
00975
00975
00975
00975
00975
00975
00974
00974
00974
00974
00975
00975
00975
00975
00975
00975
00975
00975
00975
00975
00975
00975
00975
00975
00975
00975
00975
00975
00975
00975
00975
00975
00975
00975
00975
00975
00975
00975
00975
00975
00975
00974
00974
00975
00974
00974
00975
00975
00975
00975
00975
00975
00975
00975
00975
00975
00975
00975
00975
00975
00975
00975
00975
00975
00975
00975
00975
00975
00975
00975
00975
00975
00975
00975
00975
00975
00974
00974
00975
00974
00974
00975
00975
00975
00975
00975
00975
00975
00975
00975
00975
00975
00975
00975
00975
00975
00975
00975
00975
00975
00975
00975
00975
00975
00975
00975
00975
00975
00975
00975
00975
00973
00973
00975
00974
00974
00975
00975
00974
00974
00974
00974
00974
00974
00974
00974
00974
00974
00973
00972
00969
00958
00905
00838
00764
00689
00625
00570
00527
00491
00461
00436
00417
00402
00390
00379
00370
00362
00357
00350
00346
00343
00340
00337
00335
00333
00331
00329
00327
00325
00322
00321
00319
00317
00315
00313
00311
00310
00309
00308
00307
00306
00305
00304
00303
00303
00302
00301
00300
00299
00298
00297
00296
00295
00294
00294
00292
00292
00292
00290
00290
00291
00291
00291
00291
00291
00290
00290
00290
00290
00290
00290
00290
00290
00289
00289
00289
00289
00289
00289
00289
00289
00288
00288
00289
00289
00289
00290
00290
00291
00291
00291
00291
00291
00292
00292
00291
00291
00291
00291
00290
00291
00291
00292
00292
00293
00294
00295
00296
00298
00300
00302
00305
00308
00311
00314
00318
00322
00329
00336
00344
00354
00365
00378
00392
00408
00426
00448
00472
00496
00517
00533
00541
00538
00524
00501
00475
00448
00425
00404
00384
00368
00355
00344
00335
00327
00321
00318
00315
00314
00313
00314
00316
00318
00322
00328
00336
00345
00362
00385
00422
00463
00526
00601
00638
00665
00664
00637
00599
00567
00525
00496
00463
00431
00400
00375
00357
00343
00333
00325
00319
00315
00312
00311
00311
00312
00314
00317
00321
00329
00338
00350
00366
00386
00413
00448
00493
00545
00595
00613
00609
00589
00553
00510
00472
00440
00413
00385
00365
00350
00338
00329
00322
00317
00313
00312
00311
00310
00311
00313
00316
00320
00329
00340
00354
00375
00394
00420
00452
00487
00518
00533
00528
00503
00468
00433
00403
00379
00359
00344
00331
00321
00314
00309
00306
00304
00303
00303
00304
00307
00310
00315
00321
00330
00340
00353
00371
00392
00406
00422
00431
00435
00430
00420
00404
00386
00368
00355
00341
00330
00322
00315
00310
00307
00304
00301
00299
00298
00297
00296
00295
00295
00294
00294
00293
00291
00291
00291
00291
00290
00289
00288
00288
00287
00286
00285
00285
00284
00284
00283
00283
00282
00282
00282
00281
00281
00281
00282
00282
00282
00282
00283
00284
00285
00286
00288
00290
00291
00292
00295
00297
00300
00301
00304
00306
00309
00312
00314
00317
00320
00323
00326
00330
00334
00339
00343
00345
00350
00357
00366
00377
00390
00402
00412
00420
00425
00428
00428
00425
00418
00400
00386
00376
00355
00326
00325
00316
00320
00326
00322
00318
00315
00312
00310
00308
00306
00305
00304
00302
00301
00302
00299
00298
00298
00297
00297
00296
00296
00295
00295
00294
00294
00293
00293
00293
00294
00294
00294
00294
00295
00296
00297
00298
00299
00300
00302
00304
00306
00308
00310
00312
00314
00316
00318
00320
00323
00327
00333
00337
00343
00351
00359
00367
00375
00385
00395
00404
00409
00405
00402
00391
00379
00366
00355
00343
00333
00324
00318
00313
00309
00305
00303
00301
00299
00298
00297
00296
00295
00295
00295
00295
00296
00298
00299
00301
00303
00305
00308
00311
00314
00318
00323
00328
00331
00334
00337
00341
00345
00349
00356
00364
00372
00383
00395
00408
00423
00439
00456
00474
00496
00519
00546
00573
00602
00632
00661
00692
00728
00772
00820
00872
00926
00947
00944
00936
00932
00932
00937
00946
00957
00961
00967
00968
00970
00972
00972
00972
00972
00971
00970
00968
00965
00962
00956
00944
00925
00895
00850
00796
00732
00666
00605
00551
00507
00471
00442
00419
00399
00382
00367
00355
00345
00338
00331
00326
00321
00317
00314
00311
00309
00307
00305
00304
00302
00301
00300
00299
00298
00297
00297
00296
00296
00295
00294
00294
00294
00293
00293
00293
00292
00292
00293
00293
00294
00295
00296
00298
00300
00302
00304
00305
00308
00312
00315
00320
00324
00329
00335
00340
00347
00353
00360
00367
00373
00380
00386
00392
00400
00409
00420
00432
00444
00458
00475
00495
00520
00548
00583
00627
00681
00750
00829
00915
00961
00961
00957
00949
00939
00929
00923
00914
00892
00851
00791
00717
00638
00566
00508
00463
00428
00400
00379
00362
00348
00337
00329
00322
00317
00313
00310
00307
00305
00303
00301
00299
00298
00297
00296
00295
00295
00294
00294
00295
00296
00298
00300
00302
00303
00305
00307
00309
00312
00315
00317
00320
00323
00326
00329
00333
00336
00340
00345
00351
00357
00365
00373
00384
00395
00409
00424
00439
00457
00476
00498
00523
00551
00583
00626
00678
00748
00827
00916
00964
00963
00959
00952
00942
00923
00894
00848
00786
00707
00625
00551
00493
00449
00415
00389
00368
00351
00339
00330
00322
00317
00313
00309
00306
00304
00302
00301
00299
00298
00298
00298
00297
00297
00297
00298
00299
00301
00304
00306
00309
00312
00315
00319
00323
00328
00332
00337
00342
00347
00354
00360
00368
00377
00386
00398
00410
00424
00441
00460
00483
00510
00541
00576
00618
00665
00696
00707
00710
00720
00735
00749
00763
00769
00763
00740
00691
00631
00569
00514
00468
00431
00402
00377
00358
00344
00333
00324
00318
00313
00309
00305
00303
00300
00298
00297
00295
00295
00294
00294
00294
00294
00294
00295
00295
00297
00299
00301
00303
00306
00308
00311
00313
00316
00319
00321
00324
00328
00331
00335
00339
00343
00348
00354
00360
00368
00375
00384
00393
00403
00414
00426
00438
00453
00467
00483
00499
00516
00530
00538
00539
00530
00514
00496
00474
00451
00428
00407
00387
00370
00356
00343
00333
00325
00319
00314
00310
00307
00304
00301
00298
00293
00289
00288
00288
00287
00288
00289
]; %cds signal