 cds_signal=[00431
00431
00431
00431
00431
00431
00431
00431
00431
00431
00431
00431
00431
00431
00431
00431
00431
00431
00431
00431
00431
00431
00431
00431
00431
00431
00431
00431
00431
00431
00431
00431
00431
00431
00431
00431
00431
00431
00431
00431
00431
00431
00431
00431
00431
00431
00431
00431
00431
00431
00431
00431
00431
00431
00431
00431
00431
00431
00432
00432
00432
00432
00432
00432
00432
00432
00432
00432
00432
00432
00432
00432
00432
00432
00432
00432
00432
00432
00432
00432
00432
00432
00432
00432
00432
00432
00432
00431
00431
00431
00431
00431
00431
00431
00431
00431
00431
00431
00431
00431
00431
00431
00431
00431
00431
00431
00431
00431
00431
00431
00431
00431
00431
00431
00431
00431
00431
00431
00431
00431
00431
00431
00431
00431
00431
00431
00431
00431
00431
00431
00431
00431
00431
00431
00431
00431
00431
00431
00431
00431
00431
00431
00431
00431
00431
00431
00431
00431
00431
00431
00431
00431
00431
00431
00431
00431
00431
00431
00431
00431
00431
00431
00431
00431
00431
00431
00431
00431
00431
00431
00431
00431
00431
00431
00431
00431
00431
00431
00431
00431
00431
00431
00431
00431
00430
00430
00430
00430
00430
00430
00429
00429
00429
00429
00428
00428
00428
00427
00427
00426
00426
00425
00424
00424
00423
00422
00421
00420
00420
00419
00418
00416
00415
00414
00413
00412
00410
00409
00407
00406
00404
00403
00401
00399
00398
00396
00394
00392
00391
00389
00387
00385
00383
00381
00379
00377
00376
00374
00372
00370
00368
00366
00364
00362
00361
00359
00357
00355
00354
00352
00351
00349
00348
00346
00345
00343
00342
00341
00339
00338
00337
00336
00335
00334
00333
00332
00331
00331
00330
00329
00328
00328
00327
00326
00326
00325
00325
00324
00324
00323
00323
00322
00322
00322
00321
00321
00320
00320
00320
00319
00319
00318
00318
00317
00317
00316
00316
00315
00314
00314
00313
00312
00311
00311
00310
00309
00308
00307
00306
00304
00303
00302
00300
00299
00297
00295
00294
00292
00290
00288
00285
00283
00281
00278
00276
00273
00271
00268
00265
00262
00259
00256
00252
00249
00246
00242
00239
00235
00231
00227
00224
00220
00216
00212
00208
00204
00199
00195
00191
00187
00183
00178
00174
00170
00166
00162
00157
00153
00149
00145
00141
00137
00133
00129
00126
00122
00118
00115
00111
00108
00105
00101
00098
00095
00092
00090
00087
00084
00082
00080
00077
00075
00073
00071
00069
00068
00066
00065
00063
00062
00061
00060
00058
00058
00057
00056
00055
00055
00054
00054
00053
00053
00052
00052
00052
00052
00052
00051
00051
00051
00051
00051
00051
00051
00051
00051
00051
00051
00051
00052
00052
00052
00052
00052
00052
00052
00052
00053
00053
00053
00053
00053
00053
00053
00053
00053
00053
00053
00053
00054
00054
00054
00054
00054
00054
00054
00054
00054
00054
00054
00054
00054
00054
00054
00054
00054
00054
00054
00055
00055
00055
00055
00055
00055
00055
00055
00055
00055
00055
00055
00055
00055
00055
00055
00055
00055
00055
00055
00055
00055
00055
00055
00055
00055
00055
00055
00055
00055
00055
00055
00055
00055
00055
00055
00055
00055
00055
00055
00056
00056
00056
00056
00057
00057
00058
00058
00059
00059
00060
00061
00062
00063
00064
00065
00067
00068
00070
00071
00073
00075
00078
00080
00082
00085
00088
00091
00094
00097
00101
00104
00108
00112
00116
00120
00124
00129
00133
00138
00143
00148
00153
00158
00163
00168
00173
00179
00184
00189
00194
00200
00205
00210
00216
00221
00226
00231
00236
00241
00246
00251
00255
00260
00265
00269
00273
00277
00281
00285
00289
00292
00296
00299
00302
00305
00308
00311
00314
00316
00319
00321
00323
00326
00328
00330
00332
00333
00335
00337
00338
00340
00341
00343
00344
00345
00347
00348
00349
00350
00351
00352
00353
00354
00355
00356
00357
00358
00359
00359
00360
00361
00362
00362
00363
00364
00365
00365
00366
00366
00367
00368
00368
00369
00369
00369
00370
00370
00371
00371
00371
00372
00372
00372
00372
00373
00373
00373
00373
00374
00374
00374
00374
00375
00375
00375
00375
00376
00376
00376
00376
00377
00377
00377
00377
00378
00378
00378
00378
00379
00379
00379
00380
00380
00380
00381
00381
00381
00382
00382
00382
00383
00383
00384
00384
00384
00385
00385
00385
00386
00386
00387
00387
00387
00388
00388
00389
00389
00390
00390
00390
00391
00391
00392
00392
00392
00393
00393
00394
00394
00394
00395
00395
00395
00396
00396
00396
00396
00397
00397
00397
00397
00398
00398
00398
00398
00398
00399
00399
00399
00399
00399
00399
00399
00399
00399
00399
00399
00398
00398
00398
00398
00398
00397
00397
00397
00396
00396
00396
00395
00395
00394
00394
00393
00392
00392
00391
00390
00389
00388
00387
00386
00385
00384
00383
00382
00380
00379
00378
00376
00375
00373
00371
00370
00368
00366
00364
00362
00360
00358
00355
00353
00351
00348
00346
00343
00341
00338
00335
00332
00329
00326
00323
00320
00317
00313
00310
00307
00303
00300
00296
00292
00289
00285
00281
00277
00274
00270
00266
00262
00258
00254
00250
00246
00241
00237
00233
00229
00225
00221
00216
00212
00208
00204
00200
00195
00191
00187
00183
00180
00176
00325
00324
00324
00323
00323
00322
00322
00322
00321
00321
00320
00320
00320
00319
00319
00318
00318
00317
00317
00316
00316
00315
00314
00314
00313
00312
00311
00311
00310
00309
00308
00307
00306
00304
00303
00302
00300
00299
00297
00295
00294
00292
00290
00288
00285
00283
00281
00278
00276
00273
00271
00268
00265
00262
00259
00256
00252
00249
00246
00242
00239
00235
00231
00227
00224
00220
00216
00212
00208
00204
00199
00195
00191
00187
00183
00178
00174
00170
00166
00162
00157
00153
00149
00145
00141
00137
00133
00129
00126
00122
00118
00115
00111
00108
00105
00101
00098
00095
00092
00090
00087
00084
00082
00080
00077
00075
00073
00071
00069
00068
00066
00065
00063
00062
00061
00060
00058
00058
00057
00056
00055
00055
00054
00054
00053
00053
00052
00052
00052
00052
00052
00051
00051
00051
00051
00051
00051
00051
00051
00051
00051
00051
00051
00052
00052
00052
00052
00052
00052
00052
00052
00053
00053
00053
00053
00053
00053
00053
00053
00053
00053
00053
00053
00054
00054
00054
00054
00054
00054
00054
00054
00054
00054
00054
00054
00054
00054
00054
00054
00054
00054
00054
]; %cds signal