potentiometer_signal=[00017
00023
00029
00035
00042
00050
00057
00065
00074
00082
00092
00101
00111
00121
00131
00142
00152
00163
00174
00186
00197
00209
00220
00232
00244
00256
00268
00280
00292
00304
00316
00329
00341
00353
00366
00378
00391
00404
00416
00429
00442
00454
00467
00479
00491
00503
00515
00526
00538
00548
00559
00569
00579
00589
00599
00608
00617
00625
00634
00641
00649
00657
00664
00670
00677
00683
00689
00695
00701
00707
00713
00719
00726
00732
00739
00746
00753
00760
00767
00775
00782
00790
00798
00806
00813
00821
00829
00836
00844
00851
00859
00866
00873
00880
00887
00894
00900
00907
00913
00919
00925
00931
00937
00942
00947
00952
00957
00962
00966
00971
00975
00979
00983
00987
00990
00993
00997
00999
01002
01004
01006
01008
01009
01010
01010
01009
01008
01007
01005
01002
00998
00994
00989
00983
00976
00969
00961
00953
00943
00933
00923
00912
00900
00887
00875
00861
00848
00834
00820
00805
00791
00777
00762
00748
00733
00719
00705
00691
00677
00664
00651
00638
00626
00614
00602
00590
00579
00569
00558
00548
00539
00530
00521
00512
00504
00497
00490
00483
00477
00471
00465
00460
00456
00452
00449
00447
00445
00444
00444
00444
00445
00447
00449
00453
00457
00462
00467
00474
00481
00488
00497
00506
00515
00526
00537
00548
00559
00571
00584
00596
00609
00622
00634
00647
00660
00673
00686
00699
00712
00725
00737
00749
00762
00774
00785
00797
00808
00819
00830
00840
00851
00860
00870
00879
00887
00895
00903
00910
00916
00922
00927
00931
00934
00937
00938
00939
00938
00937
00935
00932
00928
00922
00916
00910
00902
00894
00886
00876
00867
00857
00847
00836
00825
00815
00804
00793
00782
00771
00760
00749
00738
00728
00717
00707
00697
00687
00678
00669
00660
00651
00642
00635
00627
00620
00614
00608
00603
00599
00595
00593
00591
00591
00591
00592
00594
00597
00600
00605
00610
00616
00622
00629
00637
00645
00653
00661
00670
00680
00689
00698
00708
00718
00728
00738
00747
00757
00767
00777
00787
00796
00806
00815
00824
00833
00842
00850
00858
00865
00872
00879
00884
00889
00894
00898
00901
00904
00906
00907
00907
00907
00906
00904
00902
00898
00893
00887
00880
00872
00863
00853
00842
00830
00817
00804
00789
00774
00759
00743
00727
00711
00696
00680
00666
00652
00638
00626
00614
00603
00594
00585
00578
00572
00567
00563
00560
00558
00557
00558
00560
00562
00565
00570
00575
00580
00586
00593
00600
00607
00614
00620
00627
00633
00639
00645
00650
00654
00658
00660
00662
00663
00663
00663
00661
00659
00657
00654
00651
00647
00643
00638
00634
00629
00624
00618
00613
00608
00604
00599
00596
00593
00590
00589
00588
00589
00590
00593
00596
00600
00605
00611
00617
00624
00631
00639
00647
00655
00664
00673
00682
00691
00700
00709
00717
00725
00732
00739
00745
00751
00755
00759
00763
00765
00766
00766
00766
00764
00761
00758
00753
00747
00741
00734
00726
00717
00708
00698
00688
00677
00667
00656
00645
00635
00625
00615
00606
00598
00591
00584
00578
00573
00569
00565
00563
00562
00562
00563
00564
00567
00570
00574
00578
00583
00588
00594
00600
00607
00613
00620
00628
00635
00642
00649
00656
00663
00670
00676
00682
00687
00692
00696
00699
00702
00703
00703
00702
00699
00696
00691
00685
00678
00671
00662
00653
00644
00634
00624
00613
00603
00593
00583
00574
00565
00557
00549
00542
00536
00531
00527
00523
00521
00520
00519
00520
00521
00524
00527
00531
00537
00543
00550
00557
00565
00574
00583
00592
00601
00610
00618
00627
00635
00642
00649
00655
00661
00665
00669
00672
00674
00675
00675
00674
00671
00668
00663
00657
00651
00643
00635
00626
00617
00608
00598
00589
00580
00571
00563
00555
00548
00541
00536
00531
00528
00525
00523
00522
00523
00524
00526
00529
00533
00538
00544
00550
00556
00564
00571
00579
00587
00595
00603
00611
00619
00626
00633
00640
00646
00651
00655
00658
00661
00662
00663
00662
00661
00659
00655
00650
00645
00638
00631
00622
00614
00604
00594
00584
00574
00564
00555
00546
00538
00530
00524
00518
00513
00510
00507
00505
00504
00504
00505
00507
00510
00513
00518
00524
00530
00537
00545
00554
00563
00572
00582
00592
00602
00612
00623
00633
00643
00653
00662
00670
00678
00686
00692
00698
00703
00706
00709
00710
00710
00709
00706
00702
00697
00691
00683
00674
00664
00654
00642
00629
00616
00603
00588
00574
00559
00544
00529
00515
00501
00488
00476
00464
00454
00445
00437
00430
00424
00419
00416
00414
00413
00413
00414
00416
00419
00422
00427
00432
00437
00443
00450
00457
00465
00472
00480
00489
00497
00506
00515
00524
00534
00543
00552
00562
00572
00582
00593
00604
00615
00626
00638
00650
00662
00673
00685
00697
00709
00721
00733
00745
00756
00768
00779
00790
00801
00812
00822
00832
00842
00852
00862
00871
00880
00889
00897
00905
00913
00921
00928
00935
00942
00948
00955
00961
00966
00972
00977
00982
00987
00991
00996
01000
01003
01007
01010
01014
01017
01019
01022
01024
01027
01029
01031
01033
01034
01036
01037
01038
01039
01040
01041
01042
01043
01043
01044
01044
01045
01045
01045
01045
01045
01045
01045
01045
01045
01045
01045
01045
01045
01045
01045
01045
01045
01045
01045
01045
01045
01045
01045
01045
01045
01045
01045
01045
01045
01045
01045
01045
01045
01045
01045
01045
01045
01045
01045
01045
01045
01045
01045
01045
01045
01045
01045
01045
01045
01045
01045
01045
01045
01045
01045
01045
01045
01045
01045
01045
01045
01045
01045
01045
01045
01045
01045
01045
01045
01045
01045
01045
01045
01045
01045
01045
01045
01045
01045
01045
01045
01045
01045
01045
01045
01045
01045
01045
01045
01045
01045
01045
01045
01045
01045
01045
01045
01045
01045
01045
01045
01045
01045
01045
01045
01045
01045
01045
01045
01045
01045
01045
01045
01045
01045
01045
01045
01045
01045
01045
01045
01045
01045
01045
01045
01045
01045
01045
01045
01045
01045
01045
01045
01045
01045
01045
01045
01045
01045
01045
01045
01045
01045
01045
01045
01045
01045
01045
01045
01045
01045
01045
01045
01045
01045
01045
01045
01045
01045
01045
01045
01045
01045
01045
01045
01045
01045
01045
01045
01045
01045
01045
01045
01045
01045
01045
01045
01045
01045
01045
01045
01045
01045
01045
01045
01045
01045
01045
01045
01045
01045
01045
01045
01045
];